[[  4.         169.           0.           2.        ]
 [  5.         170.           0.           2.        ]
 [  6.         171.           0.           2.        ]
 [165.         271.           0.           2.        ]
 [289.         291.           0.           2.        ]
 [  9.         166.           2.82842712   2.        ]
 [ 10.         167.           3.16227766   2.        ]
 [266.         281.           5.19615242   2.        ]
 [ 11.         168.           5.91607978   2.        ]
 [ 49.         148.           7.07106781   2.        ]
 [ 57.          65.           7.07106781   2.        ]
 [265.         280.           7.87400787   2.        ]
 [ 20.          46.           8.71779789   2.        ]
 [ 13.          16.          10.           2.        ]
 [ 14.          17.          10.           2.        ]
 [191.         243.          10.           2.        ]
 [201.         295.          12.24744871   2.        ]
 [206.         255.          12.24744871   2.        ]
 [ 31.         134.          12.36931688   2.        ]
 [ 36.          67.          12.60952021   2.        ]
 [ 72.         225.          13.22875656   2.        ]
 [272.         300.          13.74772708   3.        ]
 [ 28.         159.          13.92838828   2.        ]
 [ 24.          26.          14.03566885   2.        ]
 [ 63.         216.          14.62873884   2.        ]
 [  3.          12.          14.73091986   2.        ]
 [ 38.          90.          14.73091986   2.        ]
 [ 29.         160.          14.96662955   2.        ]
 [ 74.         235.          15.           2.        ]
 [192.         218.          15.           2.        ]
 [195.         252.          15.           2.        ]
 [209.         304.          15.           3.        ]
 [ 34.         143.          15.58845727   2.        ]
 [ 53.         144.          15.8113883    2.        ]
 [157.         158.          15.8113883    2.        ]
 [176.         287.          15.96871942   2.        ]
 [ 22.          47.          16.1245155    2.        ]
 [ 37.         238.          16.2788206    2.        ]
 [172.         311.          16.43167673   3.        ]
 [ 54.         215.          16.58312395   2.        ]
 [ 61.          91.          16.58312395   2.        ]
 [ 62.          92.          16.58312395   2.        ]
 [ 82.         251.          16.58312395   2.        ]
 [136.         152.          16.58312395   2.        ]
 [173.         307.          16.58312395   3.        ]
 [ 59.         276.          16.673332     2.        ]
 [ 50.         330.          17.32050808   3.        ]
 [181.         284.          17.32050808   2.        ]
 [  0.         294.          17.3781472    2.        ]
 [135.         247.          17.40689519   2.        ]
 [286.         312.          17.52141547   3.        ]
 [258.         259.          17.69180601   2.        ]
 [ 73.         182.          18.02775638   2.        ]
 [299.         323.          18.57417562   3.        ]
 [ 30.         310.          18.70828693   3.        ]
 [227.         285.          18.70828693   2.        ]
 [315.         321.          18.70828693   5.        ]
 [ 25.          83.          19.10497317   2.        ]
 [ 66.         205.          19.36491673   2.        ]
 [ 76.         277.          19.36491673   2.        ]
 [174.         319.          19.67231557   3.        ]
 [115.         256.          19.79898987   2.        ]
 [253.         298.          19.8242276    2.        ]
 [ 93.         333.          20.           3.        ]
 [187.         293.          20.09975124   2.        ]
 [  2.         249.          20.32240143   2.        ]
 [ 23.         248.          20.61552813   2.        ]
 [101.         211.          20.61552813   2.        ]
 [267.         283.          20.90454496   2.        ]
 [ 77.         278.          21.21320344   2.        ]
 [ 27.         341.          21.26029163   3.        ]
 [ 60.         302.          21.30727575   3.        ]
 [ 41.         316.          21.42428529   3.        ]
 [ 21.          35.          21.72556098   2.        ]
 [301.         339.          21.77154106   4.        ]
 [288.         296.          21.79449472   2.        ]
 [ 80.         219.          22.36067977   2.        ]
 [193.         236.          22.36067977   2.        ]
 [ 39.          64.          22.44994432   2.        ]
 [324.         345.          22.49444376   4.        ]
 [ 95.         320.          22.91287847   3.        ]
 [  1.         309.          22.97825059   3.        ]
 [156.         264.          23.4520788    2.        ]
 [210.         239.          23.4520788    2.        ]
 [326.         373.          23.47338919   4.        ]
 [ 94.         105.          23.49468025   2.        ]
 [175.         347.          23.60084744   3.        ]
 [208.         213.          23.64318084   2.        ]
 [202.         350.          23.68543856   4.        ]
 [234.         338.          23.87467277   4.        ]
 [116.         199.          23.97915762   2.        ]
 [274.         318.          23.97915762   3.        ]
 [308.         365.          24.04163056   4.        ]
 [ 43.          79.          24.20743687   2.        ]
 [153.         183.          24.49489743   2.        ]
 [241.         246.          24.49489743   2.        ]
 [331.         375.          24.49489743   5.        ]
 [128.         327.          24.69817807   3.        ]
 [127.         322.          25.37715508   3.        ]
 [292.         306.          25.37715508   3.        ]
 [ 42.         203.          25.59296778   2.        ]
 [273.         351.          25.65151068   3.        ]
 [305.         348.          25.88435821   4.        ]
 [ 40.         194.          25.96150997   2.        ]
 [ 85.         250.          25.98076211   2.        ]
 [140.         231.          26.11512971   2.        ]
 [132.         138.          26.45751311   2.        ]
 [332.         337.          26.90724809   4.        ]
 [313.         317.          26.92582404   4.        ]
 [112.         117.          27.38612788   2.        ]
 [221.         390.          27.83882181   3.        ]
 [228.         343.          27.83882181   3.        ]
 [290.         359.          27.83882181   3.        ]
 [161.         368.          28.05352028   3.        ]
 [129.         356.          28.26658805   6.        ]
 [282.         360.          28.53068524   4.        ]
 [ 69.         100.          28.72281323   2.        ]
 [ 78.         180.          28.72281323   2.        ]
 [190.         240.          29.58039892   2.        ]
 [226.         328.          29.58039892   3.        ]
 [379.         395.          29.89983278   6.        ]
 [ 71.         102.          30.           2.        ]
 [ 81.         200.          30.           2.        ]
 [ 56.         233.          30.41381265   2.        ]
 [ 48.         403.          30.8058436    3.        ]
 [ 44.         188.          30.82207001   2.        ]
 [ 84.         370.          30.82207001   4.        ]
 [329.         374.          30.82207001   6.        ]
 [349.         391.          30.82207001   5.        ]
 [344.         352.          31.36877428   5.        ]
 [363.         402.          31.41655614   7.        ]
 [177.         198.          31.4960315    2.        ]
 [ 32.         376.          31.6227766    3.        ]
 [ 68.          99.          31.6227766    2.        ]
 [ 70.         367.          31.6227766    3.        ]
 [ 51.         389.          32.01562119   5.        ]
 [ 58.         336.          32.01562119   3.        ]
 [ 75.         297.          32.40370349   2.        ]
 [ 97.         151.          32.40370349   2.        ]
 [108.         354.          32.40370349   4.        ]
 [335.         358.          32.66496594   4.        ]
 [369.         378.          32.78719262   4.        ]
 [197.         346.          33.1662479    4.        ]
 [ 88.         149.          33.91164992   2.        ]
 [123.         260.          33.91164992   2.        ]
 [303.         334.          33.91164992   4.        ]
 [388.         407.          34.07345007   8.        ]
 [178.         185.          34.0881211    2.        ]
 [130.         146.          34.278273     2.        ]
 [111.         242.          34.64101615   2.        ]
 [262.         366.          34.64101615   3.        ]
 [314.         396.          34.64101615   7.        ]
 [110.         409.          35.70714214   3.        ]
 [122.         126.          35.70714214   2.        ]
 [372.         385.          35.7211422    5.        ]
 [340.         353.          36.05551275   5.        ]
 [387.         401.          36.31803959   5.        ]
 [ 52.         429.          36.3868108    6.        ]
 [ 18.         357.          36.40054945   3.        ]
 [364.         377.          36.66060556   4.        ]
 [355.         397.          36.7151195    5.        ]
 [ 33.         222.          36.74234614   2.        ]
 [120.         342.          36.74234614   3.        ]
 [214.         442.          37.08099244   5.        ]
 [104.         430.          37.17526059   8.        ]
 [400.         414.          37.41657387   8.        ]
 [420.         437.          37.41657387   8.        ]
 [362.         441.          37.58989226   6.        ]
 [137.         229.          38.07886553   2.        ]
 [142.         145.          38.07886553   2.        ]
 [107.         411.          38.40572874   4.        ]
 [ 89.         150.          39.37003937   2.        ]
 [380.         404.          39.68626967   5.        ]
 [220.         245.          40.           2.        ]
 [113.         422.          40.31128874   3.        ]
 [204.         393.          40.31128874   3.        ]
 [371.         428.          40.5339364    8.        ]
 [119.         432.          40.92676386   4.        ]
 [254.         431.          41.23105626   3.        ]
 [398.         435.          41.26742056   8.        ]
 [184.         384.          41.46082488   5.        ]
 [133.         434.          41.53311931   4.        ]
 [ 15.         381.          41.83300133   4.        ]
 [ 55.         186.          41.83300133   2.        ]
 [ 86.         463.          42.42640687   6.        ]
 [439.         465.          42.53234064  12.        ]
 [257.         433.          42.72001873   3.        ]
 [394.         406.          42.72001873   4.        ]
 [382.         392.          43.01162634   6.        ]
 [162.         275.          43.03486958   2.        ]
 [427.         436.          43.12771731   9.        ]
 [131.         244.          43.30127019   2.        ]
 [  7.         279.          43.47413024   2.        ]
 [109.         448.          43.58898944   3.        ]
 [124.         405.          43.58898944   3.        ]
 [386.         446.          44.21538194  11.        ]
 [408.         451.          44.72135955  11.        ]
 [ 96.         383.          45.27692569   3.        ]
 [237.         418.          45.5521679    3.        ]
 [458.         460.          45.5521679    8.        ]
 [106.         438.          46.9041576    3.        ]
 [399.         482.          47.95831523   7.        ]
 [141.         413.          49.53786431   4.        ]
 [426.         487.          50.24937811   8.        ]
 [424.         464.          50.26927491  11.        ]
 [121.         261.          50.99019514   2.        ]
 [118.         473.          51.23475383   3.        ]
 [263.         415.          51.4781507    5.        ]
 [189.         459.          51.72040216   5.        ]
 [114.         361.          51.74939613   3.        ]
 [440.         499.          52.42136969  12.        ]
 [412.         466.          52.67826876  11.        ]
 [179.         478.          53.15072906   4.        ]
 [495.         496.          53.25410782  22.        ]
 [125.         443.          53.38539126   3.        ]
 [419.         497.          53.61902647   6.        ]
 [  8.         450.          53.85164807   4.        ]
 [232.         468.          53.85164807   3.        ]
 [325.         445.          54.34151268   6.        ]
 [453.         471.          55.45268253   4.        ]
 [454.         488.          55.57877293  11.        ]
 [444.         461.          55.67764363   4.        ]
 [207.         449.          55.90169944   3.        ]
 [480.         504.          56.07138308  16.        ]
 [410.         447.          56.11595139   5.        ]
 [416.         481.          56.34713835   6.        ]
 [489.         516.          56.83308895   6.        ]
 [467.         476.          57.00877125  14.        ]
 [455.         483.          58.09475019   7.        ]
 [223.         224.          58.30951895   2.        ]
 [456.         490.          58.84725992  14.        ]
 [452.         479.          59.43063183  11.        ]
 [484.         522.          60.8276253    9.        ]
 [457.         515.          60.98360435  12.        ]
 [ 45.         469.          61.64414003   3.        ]
 [501.         523.          62.52199613  23.        ]
 [269.         270.          63.2455532    2.        ]
 [475.         493.          63.4428877    6.        ]
 [474.         506.          64.03124237   6.        ]
 [510.         530.          64.83826031  26.        ]
 [423.         503.          65.          10.        ]
 [477.         500.          65.57438524   7.        ]
 [417.         491.          65.95452979   4.        ]
 [212.         520.          66.14378278  12.        ]
 [485.         528.          67.08203932  19.        ]
 [268.         502.          67.17142249   5.        ]
 [494.         507.          67.45368782   8.        ]
 [163.         164.          67.82329983   2.        ]
 [508.         513.          69.2820323   27.        ]
 [470.         538.          71.23903424  10.        ]
 [472.         531.          72.71175971  16.        ]
 [ 19.         154.          75.82875444   2.        ]
 [147.         527.          76.32168761  15.        ]
 [139.         512.          77.29812417   5.        ]
 [462.         549.          77.78174593  13.        ]
 [524.         534.          77.78174593   8.        ]
 [ 98.         103.          78.42193571   2.        ]
 [532.         533.          80.          21.        ]
 [498.         519.          81.0863737    7.        ]
 [511.         535.          81.0863737   34.        ]
 [539.         540.          82.11577193  36.        ]
 [517.         545.          82.29216245   8.        ]
 [492.         526.          82.91561976   8.        ]
 [196.         518.          86.60254038   7.        ]
 [541.         550.          86.60254038  23.        ]
 [546.         552.          86.89073598  23.        ]
 [514.         559.          87.34414691  37.        ]
 [521.         554.          89.4427191   17.        ]
 [525.         537.          90.4157066   12.        ]
 [548.         553.          92.46621004  32.        ]
 [155.         555.          96.65402216   9.        ]
 [544.         569.          98.99494937  51.        ]
 [509.         565.          99.37303457  26.        ]
 [543.         557.         100.3742995   33.        ]
 [542.         568.         101.36567466  16.        ]
 [558.         573.         103.68220677  40.        ]
 [486.         566.         104.7616342   40.        ]
 [ 87.         529.         106.06601718   3.        ]
 [562.         563.         112.02678251  15.        ]
 [217.         570.         114.52074048  10.        ]
 [560.         572.         116.13784913  62.        ]
 [536.         578.         123.49898785  17.        ]
 [571.         576.         123.99596768  91.        ]
 [564.         567.         126.12295588  40.        ]
 [551.         580.         132.47641299  64.        ]
 [556.         577.         133.13526956   5.        ]
 [425.         582.         134.72193585  93.        ]
 [574.         575.         140.6236111   56.        ]
 [547.         581.         141.67568599  19.        ]
 [421.         588.         155.85891056  21.        ]
 [561.         585.         168.33597358  13.        ]
 [583.         584.         171.09938632 104.        ]
 [586.         587.         173.20508076 149.        ]
 [505.         579.         194.74342094  12.        ]
 [591.         592.         201.92820506 253.        ]
 [589.         590.         249.09837414  34.        ]
 [594.         595.         269.92962046 287.        ]
 [593.         596.         310.88583113 299.        ]
 [230.         597.         349.03438226 300.        ]]
